     0/299     1.87G    0.1102    0.1738         0     0.284       267       640   0.03112     0.176   0.01044  0.001643   0.08902    0.1559         0
     1/299     3.14G    0.1029    0.1869         0    0.2898       237       640    0.1563    0.1971   0.08413   0.01345   0.08254    0.1503         0
     2/299     3.14G   0.09593    0.1643         0    0.2603       157       640    0.2931    0.4581    0.2988   0.05602   0.07699    0.1382         0
     3/299     3.14G   0.09078    0.1736         0    0.2644       291       640    0.5675     0.634    0.5772    0.1489   0.07117     0.124         0
     4/299     3.14G   0.08172    0.1707         0    0.2524       316       640    0.7081    0.6981    0.6876    0.2378   0.06346    0.1228         0
     5/299     3.14G   0.06991      0.15         0    0.2199       108       640    0.5941     0.789     0.661    0.1959   0.05292    0.1187         0
     6/299     3.14G   0.06246    0.1424         0    0.2049       137       640    0.7181    0.8631    0.7973    0.3128   0.04682     0.101         0
     7/299     3.14G   0.05614    0.1271         0    0.1833       217       640    0.8501    0.8939    0.9088    0.4473   0.04916   0.08883         0
     8/299     3.14G   0.05162    0.1239         0    0.1756       146       640    0.8806    0.9106    0.9554    0.4902   0.03793   0.08186         0
     9/299     3.14G   0.04805    0.1201         0    0.1681       159       640    0.8973    0.9078    0.9481    0.5435   0.03627   0.07768         0
    10/299     3.14G   0.04868     0.123         0    0.1717       309       640    0.7803    0.8911    0.8899    0.5624   0.03678    0.0774         0
    11/299     3.14G   0.05612    0.1167         0    0.1728       146       640    0.5618    0.8629     0.707    0.1898   0.04635   0.08225         0
    12/299     3.14G   0.05827    0.1266         0    0.1849       223       640    0.7965      0.94    0.9008    0.5267   0.03941   0.07709         0
    13/299     3.14G   0.05736    0.1238         0    0.1812       231       640     0.951     0.986    0.9885    0.5027   0.04646   0.07707         0
    14/299     3.14G   0.05465    0.1222         0    0.1769       232       640     0.725    0.9351    0.8228    0.3981   0.03774   0.07971         0
    15/299     3.14G   0.05326    0.1142         0    0.1675       147       640    0.5978    0.6732    0.6771    0.2102   0.04923   0.07766         0
    16/299     3.14G   0.05399    0.1203         0    0.1743       264       640    0.8678    0.9352    0.9371    0.5502   0.03737   0.07576         0
    17/299     3.14G   0.05077    0.1235         0    0.1743       198       640    0.8172    0.9116    0.9113    0.2927   0.04872   0.07574         0
    18/299     3.14G   0.05154    0.1173         0    0.1689       309       640    0.6199    0.9497    0.7805    0.2583   0.04573   0.07554         0
    19/299     3.14G   0.04969    0.1152         0    0.1649       262       640    0.8934    0.9601    0.9415    0.5084   0.03647   0.07408         0
    20/299     3.14G   0.04705    0.1085         0    0.1555       162       640    0.9277    0.9315    0.9725    0.5599   0.03193   0.07432         0
    21/299     3.14G   0.04719    0.1166         0    0.1638       181       640    0.9274    0.9637    0.9666    0.4828    0.0335   0.07417         0
    22/299     3.14G   0.04268    0.1097         0    0.1524       127       640     0.978    0.9944    0.9923    0.6389   0.02658   0.07119         0
    23/299     3.14G   0.04414    0.1076         0    0.1517       215       640    0.9798    0.9553    0.9846    0.4537    0.0394    0.0751         0
    24/299     3.14G   0.04264    0.1056         0    0.1482       219       640    0.9647    0.9944     0.992    0.5933   0.03214   0.07082         0
    25/299     3.14G   0.04359    0.1082         0    0.1517       159       640    0.9474    0.9749    0.9811    0.5218   0.03616   0.07294         0
    26/299     3.14G   0.04298    0.1054         0    0.1483       267       640    0.9178    0.9693    0.9807    0.6016   0.03249   0.06972         0
    27/299     3.14G   0.04025    0.1062         0    0.1465       226       640    0.9752    0.9887      0.99    0.5517   0.02844   0.07098         0
    28/299     3.14G   0.03918    0.1025         0    0.1417       316       640      0.97    0.9944     0.993    0.5972   0.02833   0.07141         0
    29/299     3.14G   0.04004     0.105         0     0.145       208       640    0.9616    0.9799    0.9872    0.5843   0.03146   0.06965         0
    30/299     3.14G   0.03939    0.1043         0    0.1437       123       640    0.9752    0.9944     0.989    0.6767   0.02919   0.06964         0
    31/299     3.14G   0.03705    0.1082         0    0.1452       181       640    0.9861    0.9943    0.9912    0.6424   0.02577   0.07109         0
    32/299     3.14G   0.03639    0.1052         0    0.1416       158       640    0.9753    0.9944    0.9879    0.6128   0.02545   0.07114         0
    33/299     3.14G   0.04145    0.1088         0    0.1503       252       640    0.8883    0.8911    0.9291    0.2397    0.0455   0.07466         0
    34/299     3.14G   0.04512    0.1175         0    0.1626       303       640    0.8688    0.9245    0.9539      0.58   0.03239   0.08851         0
    35/299     3.14G   0.04165    0.1185         0    0.1602       162       640    0.9058    0.9944    0.9397     0.574   0.03333   0.07264         0
    36/299     3.14G   0.04206    0.1138         0    0.1559       142       640    0.9752    0.9888     0.987    0.4356    0.0329   0.07125         0
    37/299     3.14G   0.04103    0.1078         0    0.1488       162       640    0.9671    0.9855    0.9887    0.6272   0.02939   0.07087         0
    38/299     3.14G   0.04081    0.1052         0     0.146       263       640    0.9621    0.9916    0.9757     0.575   0.03067   0.07364         0
    39/299     3.14G   0.03676    0.1155         0    0.1522       311       640    0.9519    0.9943    0.9765    0.6095   0.02874   0.07132         0
    40/299     3.14G   0.03555   0.09917         0    0.1347       110       640    0.9834    0.9944    0.9902    0.5709   0.03016   0.07045         0
    41/299     3.14G   0.03812    0.1079         0    0.1461       233       640    0.9774    0.9675    0.9793    0.5076    0.0306   0.07012         0
    42/299     3.14G    0.0365    0.1014         0    0.1379       237       640    0.9806    0.9944    0.9928    0.5742   0.03177   0.07077         0
    43/299     3.14G   0.04013    0.1045         0    0.1446       253       640    0.9753    0.9944    0.9891    0.6216   0.02798    0.0706         0
    44/299     3.14G   0.03653    0.1002         0    0.1367       183       640    0.9753    0.9944    0.9921    0.5752   0.03201   0.07045         0
    45/299     3.14G   0.03882    0.1071         0    0.1459       173       640    0.9833    0.9944     0.994    0.6581   0.02688   0.07316         0
    46/299     3.14G   0.03627    0.1092         0    0.1455       139       640    0.9698    0.9916    0.9926    0.6376   0.02874   0.06894         0
    47/299     3.14G   0.03684    0.1076         0    0.1444       103       640    0.9448    0.9581    0.9855    0.6011   0.03122   0.07062         0
    48/299     3.14G   0.03672    0.1083         0     0.145       229       640    0.9753    0.9944    0.9872    0.6485   0.02586   0.07405         0
    49/299     3.14G   0.03302    0.1003         0    0.1333       128       640    0.9807    0.9944    0.9926    0.5699    0.0306   0.07173         0
    50/299     3.14G   0.03528    0.1025         0    0.1378       318       640    0.9886    0.9888    0.9927    0.6689   0.02755   0.06929         0
    51/299     3.14G   0.03271   0.09691         0    0.1296       179       640    0.9834    0.9916    0.9926    0.6575   0.03045   0.07205         0
    52/299     3.14G   0.03145    0.1032         0    0.1347       217       640    0.9833    0.9916    0.9914    0.6662   0.02527   0.06824         0
    53/299     3.14G   0.03364   0.09604         0    0.1297       168       640    0.9723    0.9888    0.9892    0.5467   0.03301   0.07185         0
    54/299     3.14G   0.03481    0.1067         0    0.1415       232       640    0.9699    0.9916    0.9813    0.6345   0.02649   0.07114         0
    55/299     3.14G   0.03714    0.0991         0    0.1362       278       640    0.8785    0.9495    0.9241    0.3958     0.044   0.07724         0
    56/299     3.14G   0.04875    0.1274         0    0.1761       214       640    0.9752    0.9886    0.9831    0.6029   0.03107    0.0797         0
    57/299     3.14G   0.03832    0.1078         0    0.1461       151       640    0.9049    0.9301    0.9708    0.5419    0.0336   0.07612         0
    58/299     3.14G   0.03928     0.151         0    0.1903       172       640    0.9702         1    0.9779    0.6403   0.02879   0.08111         0
    59/299     3.14G   0.03438    0.1176         0     0.152       269       640    0.9648    0.9943     0.973    0.5166   0.03197   0.08376         0
    60/299     3.14G   0.03727    0.1073         0    0.1446       182       640     0.975    0.9832    0.9864    0.5883   0.02923   0.07801         0
    61/299     3.14G   0.03625    0.1008         0     0.137       168       640    0.9697    0.9817    0.9852    0.5714   0.03032   0.07983         0
    62/299     3.14G   0.03535    0.1144         0    0.1498       255       640    0.9861    0.9914    0.9912    0.6439   0.02514   0.07211         0
    63/299     3.14G   0.03385    0.1148         0    0.1486       281       640    0.9465    0.9885    0.9835    0.5731   0.03011   0.08993         0
    64/299     3.14G   0.03379    0.1265         0    0.1603       189       640    0.9834    0.9944    0.9929    0.5753   0.02617   0.07354         0
    65/299     3.14G   0.03037    0.1036         0    0.1339       176       640    0.9753    0.9944     0.991    0.6025   0.02907    0.0732         0
    66/299     3.14G   0.03729    0.1002         0    0.1375       137       640    0.9742    0.9804    0.9872    0.5709   0.03004   0.06866         0
    67/299     3.14G   0.03111    0.1002         0    0.1313       153       640    0.9807    0.9944    0.9922    0.6551    0.0269   0.07212         0
    68/299     3.14G   0.03083   0.09445         0    0.1253       182       640    0.9805    0.9888    0.9933    0.6826   0.02555   0.07099         0
    69/299     3.14G   0.03122    0.1037         0     0.135       176       640     0.978    0.9944    0.9899    0.6728     0.025   0.06889         0
    70/299     3.14G   0.02944   0.09489         0    0.1243       137       640    0.9879    0.9888    0.9906     0.706   0.02314   0.06759         0
    71/299     3.14G   0.02934   0.09652         0    0.1259       274       640    0.9807    0.9944      0.99    0.6846   0.02474   0.06925         0
    72/299     3.14G   0.02915     0.103         0    0.1322       235       640    0.9806    0.9916     0.991    0.6917   0.02333   0.06754         0
    73/299     3.14G   0.02591   0.09481         0    0.1207       160       640    0.9833    0.9888    0.9932    0.6879    0.0266   0.07013         0
    74/299     3.14G    0.0304   0.09733         0    0.1277       186       640    0.9781         1    0.9928    0.7112   0.02196   0.06544         0
    75/299     3.14G   0.02787   0.09731         0    0.1252       273       640    0.9781         1    0.9923    0.6627    0.0223   0.06617         0
    76/299     3.14G   0.02761   0.09136         0     0.119       168       640    0.9808         1    0.9905    0.6874     0.024   0.06662         0
    77/299     3.14G   0.02702   0.08946         0    0.1165       117       640    0.9808         1     0.993    0.7009    0.0228   0.06693         0
    78/299     3.14G   0.02814   0.09963         0    0.1278       209       640    0.9835         1    0.9937    0.7126   0.02225   0.06648         0
    79/299     3.14G   0.02854   0.09807         0    0.1266       213       640    0.9808         1    0.9936    0.6692   0.02312    0.0671         0
    80/299     3.14G   0.02875    0.0946         0    0.1233       256       640    0.9886    0.9944     0.992    0.7075   0.02176   0.06623         0
    81/299     3.14G   0.02508   0.08879         0    0.1139       132       640    0.9808         1    0.9933    0.6775   0.02407   0.06777         0
    82/299     3.14G   0.02495   0.09431         0    0.1193       338       640     0.986    0.9944    0.9927    0.7108   0.02166   0.06601         0
    83/299     3.14G    0.0265   0.09513         0    0.1216       209       640    0.9781    0.9972    0.9882    0.6973   0.02253   0.06795         0
    84/299     3.14G   0.02705    0.1003         0    0.1274       275       640    0.9808    0.9972    0.9879    0.7199   0.02094   0.06563         0
    85/299     3.14G   0.02522   0.08761         0    0.1128       230       640    0.9834    0.9944    0.9925     0.702    0.0228   0.06558         0
    86/299     3.14G    0.0262   0.09751         0    0.1237       211       640    0.9781    0.9972    0.9912    0.7223   0.02095   0.06559         0
    87/299     3.14G   0.02661   0.09771         0    0.1243       150       640    0.9781    0.9972    0.9905    0.6876   0.02277   0.06663         0
    88/299     3.14G   0.02639   0.09756         0    0.1239       193       640    0.9781    0.9972     0.989    0.6943   0.02336   0.06779         0
    89/299     3.14G   0.02634    0.1013         0    0.1276       203       640    0.9779    0.9888    0.9915    0.6286   0.02695   0.07264         0
    90/299     3.14G   0.02277   0.08821         0     0.111       138       640    0.9808         1    0.9931    0.7258   0.02076   0.06508         0
    91/299     3.14G   0.02499   0.09214         0    0.1171       144       640    0.9808         1    0.9919    0.6984   0.02321   0.06964         0
    92/299     3.14G   0.02593    0.1017         0    0.1277       261       640    0.9834    0.9944    0.9909    0.7221    0.0212   0.06491         0
    93/299     3.14G    0.0233   0.08689         0    0.1102       141       640    0.9807    0.9944    0.9939    0.7242   0.02106    0.0661         0
    94/299     3.14G   0.02332   0.08811         0    0.1114       127       640    0.9807    0.9944      0.99    0.6959   0.02217   0.06706         0
    95/299     3.14G   0.02373   0.08953         0    0.1133       152       640     0.978    0.9944    0.9894    0.7238   0.02077    0.0658         0
    96/299     3.14G   0.02454   0.09144         0     0.116       206       640    0.9807    0.9944    0.9888     0.722   0.02102    0.0659         0
    97/299     3.14G   0.02335   0.09262         0     0.116       274       640    0.9807    0.9944     0.988    0.6848   0.02392   0.06708         0
    98/299     3.14G   0.02424   0.08512         0    0.1094       264       640    0.9807    0.9944    0.9887    0.7042   0.02151   0.06543         0
    99/299     3.14G   0.02638   0.08774         0    0.1141       190       640    0.9807    0.9944    0.9883    0.7155    0.0213   0.06608         0
   100/299     3.14G   0.02583   0.09008         0    0.1159       235       640    0.9807    0.9944    0.9909    0.7023   0.02217   0.06594         0
   101/299     3.14G   0.02399   0.09085         0    0.1148       257       640    0.9807    0.9944    0.9897    0.7192   0.02168   0.06691         0
   102/299     3.14G   0.02275   0.08835         0    0.1111       193       640    0.9807    0.9944    0.9916    0.7252   0.02065   0.06655         0
   103/299     3.14G   0.02344   0.08358         0     0.107       170       640    0.9807    0.9944    0.9912    0.7245    0.0206   0.06558         0
   104/299     3.14G   0.02484   0.09147         0    0.1163       231       640    0.9807    0.9944    0.9891    0.7209    0.0208   0.06711         0
   105/299     3.14G   0.02269   0.08815         0    0.1108       160       640    0.9807    0.9944    0.9868    0.7141   0.02051   0.06606         0
   106/299     3.14G   0.02171   0.08542         0    0.1071       213       640    0.9781    0.9972    0.9815    0.7179   0.02073   0.06636         0
   107/299     3.14G   0.02357   0.08948         0     0.113       144       640    0.9808         1     0.982    0.7152   0.02045   0.06597         0
   108/299     3.14G   0.02353   0.08985         0    0.1134       165       640    0.9808    0.9972    0.9879    0.7164   0.02065   0.06582         0
   109/299     3.14G   0.02348     0.098         0    0.1215       330       640    0.9807    0.9944    0.9868    0.7216   0.02033   0.06546         0
   110/299     3.14G   0.02322   0.08779         0     0.111       128       640    0.9861    0.9888    0.9903    0.7218    0.0203   0.06562         0
   111/299     3.14G   0.02459   0.09655         0    0.1211       233       640    0.9833    0.9916    0.9904    0.7082   0.02177   0.06654         0
   112/299     3.14G   0.02434   0.09373         0    0.1181       244       640    0.9861    0.9916     0.989    0.7238   0.02021   0.06533         0
   113/299     3.14G    0.0222   0.08309         0    0.1053       178       640    0.9861    0.9916     0.989    0.6958   0.02192   0.06823         0
   114/299     3.14G   0.02402   0.08667         0    0.1107       168       640    0.9834    0.9916    0.9895    0.7171   0.02051   0.06632         0
   115/299     3.14G   0.02214   0.08652         0    0.1087       258       640     0.978    0.9944      0.99    0.7224    0.0204   0.06656         0
   116/299     3.14G   0.02186    0.0867         0    0.1086       215       640    0.9834    0.9944    0.9904    0.7015   0.02164   0.06707         0
   117/299     3.14G   0.02152   0.08726         0    0.1088       245       640    0.9807    0.9944    0.9896    0.7266   0.02011    0.0657         0
   118/299     3.14G   0.02168   0.08356         0    0.1052       180       640    0.9862    0.9972    0.9918    0.7033    0.0214   0.06624         0
   119/299     3.14G    0.0237   0.08609         0    0.1098       156       640    0.9808         1    0.9921    0.7195   0.02027   0.06538         0
   120/299     3.14G   0.02277   0.08951         0    0.1123       228       640    0.9862    0.9972    0.9922    0.7185   0.02068   0.06432         0
   121/299     3.14G   0.02227   0.08708         0    0.1094       139       640    0.9834    0.9972     0.992    0.7292   0.02059   0.06535         0
   122/299     3.14G   0.02278   0.08351         0    0.1063       178       640    0.9808    0.9972    0.9915    0.7215   0.02061   0.06613         0
   123/299     3.14G   0.02249   0.08607         0    0.1086       214       640    0.9861    0.9916      0.99    0.7171   0.02121   0.06721         0
   124/299     3.14G   0.02415   0.09846         0    0.1226       214       640    0.9807    0.9944    0.9899     0.713   0.02089   0.06569         0
   125/299     3.14G   0.02094   0.08557         0    0.1065       186       640    0.9781    0.9972    0.9875     0.727   0.02022   0.06464         0
   126/299     3.14G   0.02143   0.08704         0    0.1085       200       640    0.9781         1    0.9903    0.7211   0.02059   0.06621         0
   127/299     3.14G   0.02163   0.08555         0    0.1072       187       640    0.9755         1    0.9889     0.727   0.02019   0.06624         0
   128/299     3.14G   0.02067   0.08433         0     0.105       182       640    0.9807    0.9944    0.9895    0.7252    0.0201   0.06569         0
   129/299     3.14G   0.02107   0.08659         0    0.1077       229       640    0.9807    0.9944    0.9879    0.7227   0.01993   0.06552         0
   130/299     3.14G   0.02066   0.08056         0    0.1012       112       640    0.9807    0.9944    0.9858    0.7213   0.01999   0.06656         0
   131/299     3.14G   0.02246   0.09403         0    0.1165       220       640    0.9807    0.9944    0.9877    0.7157   0.02046   0.06718         0
   132/299     3.14G   0.02099   0.08473         0    0.1057       205       640    0.9807    0.9943    0.9859    0.7195   0.02069   0.06736         0
   133/299     3.14G   0.02103   0.07916         0    0.1002       163       640    0.9807    0.9944    0.9848    0.7181   0.02027   0.06701         0
   134/299     3.14G   0.02119   0.08394         0    0.1051       294       640    0.9807    0.9944    0.9853    0.7167   0.02043   0.06712         0
   135/299     3.14G   0.02122   0.08438         0    0.1056       248       640    0.9807    0.9944    0.9853    0.6942   0.02141   0.06948         0
   136/299     3.14G   0.02137   0.08271         0    0.1041       224       640    0.9807    0.9944    0.9845    0.7132   0.02069   0.06821         0
   137/299     3.14G   0.02036   0.08651         0    0.1069       189       640    0.9807    0.9944     0.986    0.7187   0.02033     0.068         0
   138/299     3.14G   0.01995   0.07486         0   0.09482       139       640    0.9807    0.9944    0.9881    0.7212   0.02032   0.06804         0
   139/299     3.14G   0.02137   0.08019         0    0.1016       130       640    0.9807    0.9944     0.989    0.7145   0.02097   0.06798         0
   140/299     3.14G   0.02183   0.08531         0    0.1071       256       640    0.9807    0.9944    0.9882    0.7289   0.01995   0.06623         0
   141/299     3.14G   0.02017    0.0796         0   0.09977       146       640    0.9807    0.9944    0.9875    0.7186    0.0204   0.06685         0
   142/299     3.14G   0.02016   0.07618         0   0.09634       135       640    0.9834    0.9944    0.9858    0.7034   0.02093   0.06792         0
   143/299     3.14G   0.02114   0.08291         0     0.104       172       640    0.9834    0.9944    0.9861    0.7254   0.02019   0.06729         0
   144/299     3.14G   0.02125    0.0799         0    0.1011       116       640    0.9834    0.9944    0.9867    0.7045   0.02161   0.06826         0
   145/299     3.14G   0.02045    0.0829         0    0.1033       157       640    0.9834    0.9944    0.9862    0.7196   0.02017   0.06627         0
   146/299     3.14G   0.02027   0.07892         0   0.09919       278       640    0.9807    0.9944    0.9855    0.7152   0.02039   0.06674         0
   147/299     3.14G   0.02019   0.08249         0    0.1027       188       640    0.9807    0.9944    0.9862    0.7168   0.02038   0.06654         0
   148/299     3.14G   0.01995   0.08373         0    0.1037       234       640    0.9834    0.9944    0.9853    0.7137   0.02038   0.06683         0
   149/299     3.14G   0.02113   0.08788         0     0.109       222       640    0.9834    0.9944    0.9849    0.7209   0.02026   0.06621         0
   150/299     3.14G   0.02074   0.08359         0    0.1043       228       640    0.9807    0.9944     0.984    0.7291   0.01979   0.06519         0
   151/299     3.14G   0.01973   0.07446         0   0.09419       141       640    0.9807    0.9944    0.9841    0.7233   0.01997   0.06602         0
   152/299     3.14G   0.02092   0.08449         0    0.1054       222       640    0.9808         1    0.9864    0.7271   0.01991    0.0658         0
   153/299     3.14G   0.02031   0.07658         0   0.09689       171       640    0.9808    0.9972    0.9864    0.7171   0.02051   0.06692         0
   154/299     3.14G   0.01998   0.08161         0    0.1016       123       640    0.9807    0.9944    0.9859    0.7117   0.02083    0.0682         0
   155/299     3.14G   0.01978   0.08494         0    0.1047       204       640    0.9808    0.9972    0.9859    0.7115   0.02052   0.06699         0
   156/299     3.14G   0.01981   0.08294         0    0.1027       151       640    0.9808         1    0.9844    0.7059   0.02099   0.06742         0
   157/299     3.14G   0.02048   0.08532         0    0.1058       283       640    0.9808         1    0.9857    0.7037   0.02108   0.06859         0
   158/299     3.14G   0.01958   0.08375         0    0.1033       230       640    0.9808         1    0.9862    0.7082    0.0211   0.06965         0
   159/299     3.14G   0.01984   0.08178         0    0.1016       159       640    0.9808         1    0.9874    0.7003   0.02145   0.06924         0
   160/299     3.14G   0.02105   0.08173         0    0.1028       294       640    0.9808         1     0.987    0.7229   0.02028   0.06652         0
   161/299     3.14G   0.01986   0.07956         0   0.09942       166       640    0.9808         1    0.9836    0.7071   0.02095   0.06707         0
   162/299     3.14G   0.01934   0.07861         0   0.09795       164       640    0.9808         1    0.9824    0.7157   0.02055   0.06729         0
   163/299     3.14G   0.01978   0.08596         0    0.1057       248       640    0.9808         1    0.9826    0.7175   0.02041   0.06819         0
   164/299     3.14G   0.01978   0.08756         0    0.1073       261       640    0.9808         1    0.9819    0.7096   0.02044   0.06739         0
   165/299     3.14G   0.02019   0.07937         0   0.09956       113       640    0.9808         1    0.9842    0.7151   0.02027   0.06659         0
   166/299     3.14G   0.01917   0.07776         0   0.09693       276       640    0.9808    0.9972    0.9868    0.7134   0.02031   0.06722         0
   167/299     3.14G   0.01992   0.07987         0   0.09979       212       640    0.9807    0.9972    0.9874    0.7235    0.0202   0.06692         0
   168/299     3.14G   0.01883   0.07537         0    0.0942       161       640    0.9808    0.9972    0.9839    0.7107   0.02052   0.06749         0
   169/299     3.14G    0.0193   0.07673         0   0.09603       115       640    0.9808    0.9999    0.9836    0.7168   0.02004   0.06736         0
   170/299     3.14G   0.01905   0.07651         0   0.09556       256       640    0.9781         1    0.9833    0.7037   0.02084   0.06866         0
   171/299     3.14G   0.01915   0.07519         0   0.09435       229       640    0.9781         1    0.9842    0.7051   0.02083   0.06945         0
   172/299     3.14G   0.01987   0.08085         0    0.1007       206       640    0.9781         1    0.9845     0.714   0.02023   0.06858         0
   173/299     3.14G   0.01925   0.07579         0   0.09505       155       640    0.9781         1    0.9855    0.7078   0.02071   0.06916         0
   174/299     3.14G    0.0193   0.07968         0   0.09898       170       640    0.9808         1    0.9843    0.7022    0.0208   0.06906         0
   175/299     3.14G   0.01951   0.08089         0    0.1004       224       640    0.9808         1    0.9844    0.7118   0.02038   0.06842         0
   176/299     3.14G   0.01944   0.07841         0   0.09784       151       640    0.9835         1    0.9852    0.7066   0.02067   0.06879         0
   177/299     3.14G    0.0185   0.08121         0   0.09971       219       640    0.9808         1    0.9874    0.7191   0.02007   0.06857         0
   178/299     3.14G   0.01967   0.07872         0   0.09839       240       640    0.9835         1    0.9862    0.7152   0.02033    0.0686         0
   179/299     3.14G   0.02005   0.08434         0    0.1044       251       640    0.9835         1    0.9863    0.7189   0.02008   0.06856         0
   180/299     3.14G   0.02104    0.0863         0    0.1073       244       640    0.9835         1    0.9883    0.7199   0.02013    0.0677         0
   181/299     3.14G   0.01921    0.0751         0   0.09431       153       640    0.9835         1    0.9863     0.718    0.0203   0.06824         0
   182/299     3.14G   0.01927   0.07652         0   0.09579       162       640    0.9835    0.9972    0.9873    0.7099   0.02066   0.06863         0
   183/299     3.14G   0.01958   0.07871         0   0.09828       254       640    0.9808    0.9972    0.9857    0.7086   0.02071   0.06828         0
   184/299     3.14G   0.01912   0.07686         0   0.09598       155       640    0.9807    0.9944    0.9863    0.7081    0.0208   0.06846         0
   185/299     3.14G   0.01845   0.08035         0   0.09881       206       640    0.9808    0.9972    0.9872    0.7153   0.02054   0.06834         0
   186/299     3.14G   0.01868   0.07758         0   0.09627       273       640    0.9781         1    0.9888    0.7112   0.02035    0.0684         0
   187/299     3.14G   0.01902    0.0766         0   0.09562       144       640    0.9834    0.9944    0.9863     0.707   0.02035   0.06843         0
   188/299     3.14G   0.01934   0.08019         0   0.09953       143       640    0.9807    0.9944    0.9843     0.712   0.02004   0.06851         0
   189/299     3.14G   0.01862   0.08008         0    0.0987       205       640    0.9807    0.9944    0.9826    0.7101   0.02032   0.06903         0
   190/299     3.14G   0.01862    0.0765         0   0.09512       154       640    0.9807    0.9944    0.9832    0.7081   0.02059   0.06933         0
   191/299     3.14G    0.0185   0.07571         0   0.09421       286       640    0.9807    0.9944    0.9833    0.7115    0.0203   0.06933         0
   192/299     3.14G   0.01818   0.07304         0   0.09123       186       640    0.9807    0.9944    0.9856    0.7137   0.02046   0.06917         0
   193/299     3.14G   0.01896   0.08278         0    0.1017       218       640    0.9807    0.9944    0.9876    0.7116   0.02066   0.06959         0
   194/299     3.14G   0.01911   0.07613         0   0.09524       206       640    0.9834    0.9944    0.9867     0.706   0.02087   0.07039         0
   195/299     3.14G   0.01843   0.07716         0    0.0956       151       640    0.9834    0.9944    0.9859    0.7093   0.02068   0.06931         0
   196/299     3.14G   0.01894   0.07927         0   0.09822       267       640    0.9808    0.9972    0.9868     0.715   0.02042   0.06923         0
   197/299     3.14G   0.01853   0.07901         0   0.09754       169       640    0.9808    0.9972     0.987    0.7104   0.02042   0.06948         0
   198/299     3.14G   0.01819   0.07527         0   0.09346       213       640    0.9781    0.9972    0.9868    0.7107   0.02045   0.06948         0
   199/299     3.14G   0.01849   0.07751         0     0.096       163       640    0.9781    0.9972    0.9864    0.6978   0.02095   0.07005         0
   200/299     3.14G   0.01901   0.07947         0   0.09847       203       640    0.9808    0.9972    0.9833    0.7029   0.02057   0.06965         0
   201/299     3.14G   0.01829   0.07785         0   0.09614       156       640    0.9808    0.9972    0.9823    0.7034    0.0207   0.07056         0
   202/299     3.14G   0.01797   0.07534         0   0.09331       151       640     0.978    0.9972    0.9828    0.7077   0.02044    0.0696         0
   203/299     3.14G   0.01779   0.07091         0    0.0887       132       640    0.9807    0.9972    0.9835    0.7129    0.0201   0.06899         0
   204/299     3.14G    0.0183   0.07956         0   0.09786       266       640    0.9781         1    0.9858    0.7159      0.02   0.06904         0
   205/299     3.14G   0.01857   0.07379         0   0.09236       201       640    0.9781         1    0.9861     0.709   0.02038   0.06936         0
   206/299     3.14G   0.01858   0.07703         0   0.09561       167       640    0.9781         1    0.9852    0.7164   0.02019   0.07025         0
   207/299     3.14G   0.01877   0.08038         0   0.09915       229       640    0.9834    0.9972    0.9847    0.7149   0.02035   0.07016         0
   208/299     3.14G   0.01792   0.07576         0   0.09369       180       640    0.9835    0.9999    0.9844    0.7073   0.02056   0.07009         0
   209/299     3.14G   0.01859   0.07366         0   0.09225       221       640    0.9808         1    0.9842    0.7128    0.0203   0.06834         0
   210/299     3.14G   0.01811   0.07555         0   0.09366       182       640    0.9781         1    0.9837    0.7116   0.02025   0.06863         0
   211/299     3.14G    0.0182    0.0766         0    0.0948       166       640    0.9781         1    0.9835     0.712   0.02028   0.06897         0
   212/299     3.14G   0.01806     0.071         0   0.08906       281       640    0.9755         1    0.9851    0.7074   0.02054   0.06935         0
   213/299     3.14G   0.01811   0.07301         0   0.09111       120       640    0.9781    0.9972    0.9862    0.7153   0.02015   0.06901         0
   214/299     3.14G   0.01872   0.07432         0   0.09304        85       640    0.9781    0.9972    0.9858    0.7129   0.02043    0.0697         0
   215/299     3.14G   0.01844   0.07352         0   0.09196       180       640    0.9755         1    0.9848    0.7096   0.02031    0.0705         0
   216/299     3.14G   0.01818   0.06974         0   0.08792       259       640    0.9781         1    0.9854    0.7026   0.02046   0.07054         0
   217/299     3.14G   0.01829   0.07306         0   0.09134       172       640    0.9781         1    0.9863    0.7128   0.02022   0.07064         0
   218/299     3.14G   0.01841   0.07779         0    0.0962       239       640    0.9808    0.9972    0.9865     0.709   0.02075   0.07182         0
   219/299     3.14G   0.01864   0.07555         0    0.0942       231       640    0.9807    0.9944     0.986    0.7035   0.02104   0.07219         0
   220/299     3.14G   0.01724   0.07022         0   0.08745        98       640    0.9834    0.9944    0.9843    0.7052   0.02073   0.07141         0
   221/299     3.14G   0.01786    0.0721         0   0.08996       160       640    0.9834    0.9944    0.9845    0.7054   0.02083   0.07142         0
   222/299     3.14G   0.01813    0.0717         0   0.08982       170       640    0.9808         1    0.9849    0.7019   0.02089   0.07099         0
   223/299     3.14G   0.01866   0.07975         0   0.09841       225       640    0.9808         1     0.986    0.7063   0.02075   0.07126         0
   224/299     3.14G   0.01789   0.07936         0   0.09725       209       640    0.9808         1    0.9852    0.7081   0.02064   0.07027         0
   225/299     3.14G   0.01756   0.07193         0   0.08949       257       640    0.9835         1    0.9844    0.7099   0.02047   0.07035         0
   226/299     3.14G   0.01704   0.07303         0   0.09007       130       640    0.9835         1    0.9846    0.7117   0.02027   0.07058         0
   227/299     3.14G   0.01763   0.07239         0   0.09002       214       640    0.9835         1    0.9856    0.7104   0.02024   0.07004         0
   228/299     3.14G   0.01809   0.07164         0   0.08973       150       640    0.9808         1    0.9861    0.7083   0.02029   0.07034         0
   229/299     3.14G   0.01839    0.0759         0    0.0943       257       640    0.9808         1    0.9864    0.7094   0.02045   0.06949         0
   230/299     3.14G   0.01875   0.07935         0   0.09809       169       640    0.9835         1    0.9866    0.7012   0.02081   0.06948         0
   231/299     3.14G   0.01789   0.07243         0   0.09032       240       640    0.9835         1    0.9856    0.7069   0.02053   0.06934         0
   232/299     3.14G    0.0183   0.07185         0   0.09014       183       640    0.9808         1    0.9851    0.7109    0.0205   0.07002         0
   233/299     3.14G   0.01804    0.0801         0   0.09814       249       640    0.9808         1    0.9885    0.7071   0.02076   0.07072         0
   234/299     3.14G   0.01857   0.07407         0   0.09264       133       640    0.9808         1    0.9877    0.7073   0.02069   0.07152         0
   235/299     3.14G   0.01823    0.0773         0   0.09553       151       640    0.9808         1    0.9855    0.7082   0.02051    0.0713         0
   236/299     3.14G   0.01771    0.0672         0   0.08491       146       640    0.9835         1     0.984     0.704   0.02042   0.07003         0
   237/299     3.14G   0.01758     0.075         0   0.09257       263       640    0.9835         1    0.9838    0.7004   0.02062   0.07029         0
   238/299     3.14G   0.01754   0.07878         0   0.09632       206       640    0.9835         1    0.9854    0.6999    0.0207   0.07154         0
   239/299     3.14G   0.01754    0.0703         0   0.08784       169       640    0.9835         1     0.985     0.701   0.02056   0.07089         0
   240/299     3.14G   0.01759   0.07544         0   0.09303       257       640    0.9808         1    0.9848    0.7041   0.02048   0.07152         0
   241/299     3.14G   0.01786   0.07208         0   0.08994       144       640    0.9807    0.9972    0.9874    0.6994   0.02074   0.07217         0
   242/299     3.14G   0.01764   0.07787         0    0.0955       185       640    0.9781    0.9972    0.9858    0.7001   0.02076   0.07151         0
   243/299     3.14G   0.01752   0.07194         0   0.08945       129       640    0.9807    0.9944    0.9833    0.7049   0.02046   0.07048         0
   244/299     3.14G    0.0173   0.06625         0   0.08356       142       640    0.9807    0.9944    0.9825    0.7016   0.02069   0.07073         0
   245/299     3.14G   0.01758   0.06779         0   0.08537       174       640    0.9807    0.9944    0.9828     0.698   0.02084   0.07172         0
   246/299     3.14G   0.01695   0.06896         0   0.08591       182       640    0.9807    0.9944    0.9845    0.7051   0.02058   0.07218         0
   247/299     3.14G   0.01774   0.07443         0   0.09217       213       640    0.9807    0.9944    0.9876    0.7073   0.02053   0.07297         0
   248/299     3.14G   0.01797   0.07502         0   0.09299       127       640    0.9781         1    0.9885    0.7054   0.02069   0.07339         0
   249/299     3.14G   0.01692   0.07066         0   0.08758       171       640    0.9781         1    0.9862    0.7062   0.02055    0.0734         0
   250/299     3.14G   0.01746   0.07195         0   0.08941       197       640    0.9808         1    0.9845    0.7041   0.02063   0.07261         0
   251/299     3.14G   0.01723    0.0718         0   0.08903       196       640    0.9808         1    0.9843    0.7055   0.02066   0.07258         0
   252/299     3.14G   0.01757   0.07398         0   0.09155       255       640    0.9835         1    0.9835     0.703   0.02073   0.07193         0
   253/299     3.14G   0.01762    0.0749         0   0.09252       126       640    0.9835         1    0.9837    0.7011   0.02072   0.07141         0
   254/299     3.14G   0.01761   0.07645         0   0.09406       158       640    0.9835         1    0.9846    0.7018   0.02082   0.07117         0
   255/299     3.14G   0.01745    0.0732         0   0.09065       171       640    0.9808         1     0.985    0.6994   0.02082   0.07123         0
   256/299     3.14G   0.01692   0.07315         0   0.09007       248       640    0.9835    0.9972    0.9874    0.7022   0.02073   0.07228         0
   257/299     3.14G   0.01793   0.07467         0    0.0926       265       640    0.9835    0.9972    0.9876    0.6994   0.02076   0.07267         0
   258/299     3.14G   0.01711   0.07258         0   0.08969       168       640    0.9835    0.9972    0.9859    0.6998   0.02062   0.07205         0
   259/299     3.14G   0.01811   0.07486         0   0.09297       188       640    0.9834    0.9972    0.9854    0.7029    0.0206   0.07207         0
   260/299     3.14G    0.0171   0.07207         0   0.08916       144       640    0.9834    0.9972    0.9872    0.7023    0.0209   0.07255         0
   261/299     3.14G    0.0178   0.06894         0   0.08674       186       640    0.9835         1    0.9886    0.7048   0.02076   0.07281         0
   262/299     3.14G   0.01729   0.08034         0   0.09763       175       640    0.9835         1    0.9851    0.7052   0.02038    0.0719         0
   263/299     3.14G   0.01707     0.071         0   0.08807       154       640    0.9835         1    0.9848    0.7007   0.02056    0.0724         0
   264/299     3.14G   0.01777   0.07697         0   0.09474       238       640    0.9835         1    0.9866    0.7017   0.02058   0.07355         0
   265/299     3.14G   0.01737   0.07444         0   0.09181       178       640    0.9835    0.9972    0.9891    0.7007   0.02082   0.07445         0
   266/299     3.14G   0.01784   0.07581         0   0.09366       190       640    0.9834    0.9944    0.9891    0.6998    0.0211   0.07444         0
   267/299     3.14G   0.01699   0.07086         0   0.08785       254       640    0.9781         1    0.9888    0.6976     0.021   0.07396         0
   268/299     3.14G   0.01755   0.07227         0   0.08982       192       640    0.9835         1    0.9879       0.7   0.02088   0.07302         0
   269/299     3.14G   0.01628   0.06978         0   0.08606       159       640    0.9835         1    0.9859     0.702    0.0208   0.07295         0
   270/299     3.14G   0.01715   0.07291         0   0.09006       246       640    0.9835         1    0.9863    0.6995   0.02096   0.07424         0
   271/299     3.14G   0.01669   0.07061         0    0.0873       130       640    0.9835         1    0.9877    0.7047   0.02091   0.07478         0
   272/299     3.14G   0.01732   0.07433         0   0.09165       236       640    0.9835         1     0.989    0.6979   0.02105    0.0757         0
   273/299     3.14G   0.01675   0.07258         0   0.08933        69       640    0.9835    0.9972    0.9882    0.7004   0.02101   0.07461         0
   274/299     3.14G   0.01734   0.07293         0   0.09027       154       640    0.9834    0.9972    0.9874    0.6971   0.02105   0.07388         0
   275/299     3.14G   0.01685   0.06873         0   0.08558       205       640    0.9834    0.9972    0.9872    0.7022   0.02094    0.0737         0
   276/299     3.14G   0.01719   0.07414         0   0.09133       254       640    0.9834    0.9972    0.9871    0.7017   0.02085   0.07389         0
   277/299     3.14G    0.0174   0.07096         0   0.08835       181       640    0.9834    0.9972    0.9867    0.7056   0.02083   0.07383         0
   278/299     3.14G   0.01685   0.07104         0   0.08789       185       640    0.9835    0.9971    0.9868    0.7038   0.02104   0.07466         0
   279/299     3.14G   0.01651   0.07123         0   0.08774       204       640    0.9808    0.9972    0.9883    0.7002   0.02106   0.07423         0
   280/299     3.14G   0.01738   0.07313         0   0.09051       183       640    0.9808    0.9972    0.9902    0.7042   0.02097   0.07384         0
   281/299     3.14G   0.01651   0.06905         0   0.08556       194       640    0.9834    0.9944    0.9897    0.7018   0.02109   0.07395         0
   282/299     3.14G   0.01711   0.07006         0   0.08717       128       640    0.9834    0.9944    0.9892    0.6983   0.02134   0.07378         0
   283/299     3.14G   0.01665    0.0723         0   0.08895       263       640    0.9834    0.9944    0.9895     0.704   0.02101   0.07328         0
   284/299     3.14G    0.0171   0.06683         0   0.08393       103       640    0.9834    0.9944    0.9884    0.7008   0.02118   0.07386         0
   285/299     3.14G   0.01638   0.06872         0   0.08511       155       640    0.9835    0.9972    0.9868    0.6966   0.02127   0.07419         0
   286/299     3.14G   0.01729   0.07521         0   0.09249        98       640    0.9835    0.9972     0.987    0.6929   0.02139   0.07372         0
   287/299     3.14G   0.01704   0.06732         0   0.08436       246       640    0.9835    0.9972    0.9885    0.7009     0.021   0.07263         0
   288/299     3.14G    0.0173   0.07283         0   0.09013       167       640    0.9835    0.9972    0.9892    0.7014   0.02094   0.07219         0
   289/299     3.14G   0.01659   0.06954         0   0.08614       244       640    0.9835    0.9972    0.9897    0.7024   0.02103    0.0725         0
   290/299     3.14G   0.01679   0.06572         0   0.08251       182       640    0.9835    0.9972    0.9909    0.7023   0.02095   0.07237         0
   291/299     3.14G   0.01679    0.0705         0   0.08729       181       640    0.9835    0.9972    0.9902    0.7038   0.02106    0.0727         0
   292/299     3.14G   0.01672   0.06735         0   0.08408       218       640    0.9808         1    0.9881    0.7035   0.02113   0.07387         0
   293/299     3.14G   0.01638   0.06454         0   0.08093       181       640    0.9835         1    0.9871    0.7055   0.02089   0.07346         0
   294/299     3.14G   0.01659   0.07347         0   0.09006       333       640    0.9808         1    0.9887    0.7081   0.02084    0.0736         0
   295/299     3.14G   0.01648   0.07022         0    0.0867       218       640    0.9835         1    0.9871    0.7112   0.02078   0.07367         0
   296/299     3.14G   0.01655   0.06875         0    0.0853       146       640    0.9835         1    0.9853    0.7059   0.02095   0.07392         0
   297/299     3.14G   0.01684   0.07089         0   0.08773       231       640    0.9835    0.9972    0.9853    0.7057   0.02104   0.07399         0
   298/299     3.14G   0.01623   0.07189         0   0.08813       175       640    0.9835    0.9972    0.9873    0.7096   0.02103   0.07348         0
   299/299     3.14G   0.01659   0.07084         0   0.08743       197       640    0.9808         1     0.987    0.7113   0.02108   0.07345         0
